CHR	POS	MarkerID	Allele1	Allele2	AC_Allele2	AF_Allele2	MissingRate	BETA	SE	Tstat	var	p.value	N
1	2	SNP2	C	A	400	0.5	0	-0.00213467	0.0509733	-0.821572	384.871	0.966596	400
1	3	SNP3	A	C	166	0.2075	0	-0.0388518	0.0626015	-9.91384	255.171	0.534849	400
1	4	SNP4	A	G	239	0.29875	0	0.0800615	0.0540409	27.4144	342.417	0.138474	400
1	5	SNP5	G	A	325	0.40625	0	0.0706007	0.0528411	25.2851	358.143	0.181519	400
1	6	SNP6	A	C	89	0.11125	0	-0.0616598	0.0833925	-8.86641	143.796	0.459669	400
1	7	SNP7	A	C	25	0.03125	0	0.26749	0.151333	11.68	43.665	0.0771343	400
1	8	SNP8	A	C	93	0.11625	0	0.000588639	0.0822598	0.0869908	147.783	0.99429	400
1	9	SNP9	A	C	282	0.3525	0	0.0586932	0.0481816	25.2828	430.763	0.223161	400
1	10	SNP10	A	G	186	0.2325	0	0.10279	0.0595667	28.9697	281.834	0.0844137	400
1	11	SNP11	A	T	90	0.1125	0	0.138007	0.0820558	20.4967	148.519	0.0925942	400
1	12	SNP12	A	T	144	0.18	0	0.0453674	0.0647354	10.8258	238.625	0.48342	400
1	14	SNP14	A	C	207	0.25875	0	-0.00406907	0.058682	-1.18164	290.395	0.944718	400
1	15	SNP15	A	C	40	0.05	0	0.0694606	0.115834	5.17687	74.5296	0.548735	400
1	16	SNP16	A	G	69	0.08625	0	-0.0314384	0.0895713	-3.91853	124.641	0.725597	400
1	17	SNP17	A	C	288	0.36	0	-0.00900176	0.0545319	-3.02709	336.278	0.868886	400
1	18	SNP18	A	G	168	0.21	0	-0.0219227	0.0644019	-5.28564	241.103	0.733552	400
1	19	SNP19	A	T	69	0.08625	0	-0.0128082	0.0937419	-1.45754	113.797	0.891321	400
1	20	SNP20	A	T	52	0.065	0	0.150896	0.107514	13.054	86.5103	0.16047	400
1	21	SNP21	A	T	37	0.04625	0	-0.110057	0.116631	-8.09071	73.5142	0.345359	400
1	23	SNP23	A	T	30	0.0375	0	0.101992	0.134314	5.65358	55.4314	0.44764	400
1	24	SNP24	A	T	215	0.26875	0	-0.00390708	0.0568409	-1.20929	309.512	0.945199	400
1	25	SNP25	A	C	140	0.175	0	-0.00570566	0.0660803	-1.30666	229.011	0.931193	400
1	28	SNP28	A	T	170	0.2125	0	-0.106575	0.0633483	-26.5575	249.19	0.0924968	400
1	29	SNP29	A	G	114	0.1425	0	-0.11197	0.075155	-19.8237	177.045	0.136263	400
1	30	SNP30	A	T	50	0.0625	0	0.251804	0.10831	21.4646	85.2433	0.0200807	400
1	31	SNP31	A	G	65	0.08125	0	-0.0171514	0.0958525	-1.86678	108.841	0.857988	400
1	32	SNP32	A	C	208	0.26	0	0.0227882	0.0587773	6.59615	289.454	0.698235	400
1	33	SNP33	A	G	346	0.4325	0	0.028859	0.0519821	10.6801	370.077	0.578777	400
1	34	SNP34	A	T	86	0.1075	0	0.0691611	0.0844468	9.69829	140.227	0.412792	400
1	35	SNP35	A	C	124	0.155	0	-0.0286787	0.0693728	-5.95911	207.789	0.679314	400
1	36	SNP36	A	T	51	0.06375	0	-0.0179949	0.107439	-1.55892	86.6314	0.866985	400
1	37	SNP37	A	T	301	0.37625	0	-0.0403987	0.0517385	-15.0918	373.57	0.434905	400
1	38	SNP38	A	C	150	0.1875	0	0.0797594	0.0669465	17.7962	223.123	0.2335	400
1	39	SNP39	A	G	313	0.39125	0	0.0841348	0.0515613	31.6466	376.142	0.102734	400
1	40	SNP40	A	G	147	0.18375	0	-0.00356457	0.0612682	-0.94959	266.397	0.953605	400
1	41	SNP41	A	T	327	0.40875	0	-0.0452818	0.0492114	-18.6979	412.922	0.357495	400
1	42	SNP42	A	G	136	0.17	0	-0.0729558	0.0658769	-16.811	230.427	0.268097	400
1	43	SNP43	A	T	169	0.21125	0	-0.0256427	0.0598973	-7.14743	278.731	0.66857	400
1	45	SNP45	A	C	368	0.46	0	-0.0526849	0.0494649	-21.5324	408.702	0.286832	400
1	46	SNP46	G	A	376	0.47	0	0.0544881	0.0534018	19.1069	350.662	0.307566	400
1	47	SNP47	A	C	27	0.03375	0	-0.131768	0.140689	-6.65717	50.5218	0.348968	400
1	48	SNP48	A	G	142	0.1775	0	0.0109855	0.0607072	2.98085	271.344	0.8564	400
1	49	SNP49	A	T	394	0.4925	0	-0.0255768	0.0537427	-8.8554	346.227	0.634137	400
1	50	SNP50	A	T	336	0.42	0	0.0583689	0.050118	23.2378	398.119	0.244169	400
1	51	SNP51	A	G	204	0.255	0	-0.106068	0.0603928	-29.0812	274.176	0.0790381	400
1	52	SNP52	A	G	396	0.495	0	0.0657746	0.0543635	22.2558	338.365	0.226316	400
1	53	SNP53	A	C	152	0.19	0	-0.0205675	0.0632326	-5.14399	250.103	0.744979	400
1	54	SNP54	A	G	64	0.08	0	0.0360677	0.0903684	4.41656	122.452	0.689806	400
1	55	SNP55	A	C	322	0.4025	0	-0.0656976	0.0493044	-27.0258	411.366	0.1827	400
1	56	SNP56	A	C	185	0.23125	0	0.0178577	0.061234	4.76256	266.695	0.770569	400
1	57	SNP57	A	T	182	0.2275	0	0.0575854	0.0571732	17.6168	305.925	0.313834	400
1	58	SNP58	A	T	270	0.3375	0	0.0849636	0.0573621	25.8216	303.913	0.138559	400
1	59	SNP59	A	G	245	0.30625	0	0.0608522	0.0544633	20.5148	337.125	0.263864	400
1	60	SNP60	A	T	66	0.0825	0	-0.173491	0.0881242	-22.3402	128.769	0.0489861	400
1	61	SNP61	A	T	27	0.03375	0	0.230156	0.135631	12.5113	54.36	0.0897106	400
1	62	SNP62	A	C	136	0.17	0	0.0934261	0.0640661	22.7621	243.637	0.144764	400
1	63	SNP63	A	T	62	0.0775	0	0.0638314	0.090156	7.85317	123.03	0.478939	400
1	65	SNP65	T	A	363	0.45375	0	0.0300235	0.0490084	12.5003	416.35	0.540128	400
1	66	SNP66	A	C	43	0.05375	0	0.135728	0.115323	10.2055	75.1911	0.239221	400
1	67	SNP67	A	G	146	0.1825	0	0.0629764	0.0647784	15.0078	238.308	0.33096	400
1	68	SNP68	T	A	276	0.345	0	0.0439366	0.0535156	15.3414	349.171	0.411643	400
1	69	SNP69	A	T	55	0.06875	0	-0.143527	0.0950264	-15.8944	110.742	0.130945	400
1	70	SNP70	A	G	118	0.1475	0	0.0318098	0.0722446	6.09465	191.597	0.659715	400
1	71	SNP71	A	C	60	0.075	0	-0.0364554	0.0908745	-4.41446	121.092	0.688301	400
1	72	SNP72	A	T	264	0.33	0	0.0715909	0.0541153	24.4466	341.476	0.185858	400
1	73	SNP73	A	T	311	0.38875	0	0.0243238	0.0501879	9.65681	397.01	0.627921	400
1	74	SNP74	A	G	118	0.1475	0	-0.0315836	0.0735731	-5.83477	184.74	0.667718	400
1	75	SNP75	A	T	60	0.075	0	0.0316374	0.0971714	3.35061	105.907	0.744739	400
1	76	SNP76	A	T	234	0.2925	0	-0.00235623	0.0532957	-0.829532	352.059	0.964737	400
1	78	SNP78	A	T	354	0.4425	0	-0.00950178	0.0516388	-3.5633	375.014	0.85401	400
1	79	SNP79	G	A	400	0.5	0	-0.0011199	0.0498481	-0.450693	402.441	0.982076	400
1	80	SNP80	A	C	312	0.39	0	0.0168543	0.0522551	6.17237	366.22	0.747045	400
1	81	SNP81	A	T	261	0.32625	0	-0.0165641	0.0551316	-5.44963	329.002	0.763836	400
1	82	SNP82	A	G	173	0.21625	0	0.00346785	0.0606063	0.944114	272.247	0.954371	400
1	84	SNP84	A	T	44	0.055	0	0.104604	0.109028	8.79988	84.1253	0.337342	400
1	85	SNP85	A	C	189	0.23625	0	-0.0188547	0.0587499	-5.46268	289.725	0.748262	400
1	86	SNP86	A	C	193	0.24125	0	0.0256137	0.0590584	7.34361	286.706	0.664505	400
1	87	SNP87	A	T	21	0.02625	0	-0.0104304	0.157648	-0.419686	40.2367	0.947248	400
1	88	SNP88	A	C	165	0.20625	0	0.00999997	0.0617364	2.62372	262.372	0.871323	400
1	89	SNP89	A	T	262	0.3275	0	0.0263345	0.0554903	8.55246	324.763	0.635088	400
1	90	SNP90	A	G	40	0.05	0	-0.0112979	0.110645	-0.922865	81.6845	0.918669	400
1	91	SNP91	A	T	261	0.32625	0	0.090209	0.0537752	31.195	345.808	0.0934411	400
1	92	SNP92	A	T	203	0.25375	0	0.0382317	0.0575734	11.534	301.687	0.506657	400
1	93	SNP93	A	C	45	0.05625	0	0.11159	0.110525	9.13494	81.8615	0.312668	400
1	94	SNP94	A	T	23	0.02875	0	0.211018	0.157357	8.52212	40.3857	0.179915	400
1	95	SNP95	A	C	206	0.2575	0	-0.0165645	0.0598663	-4.62184	279.02	0.782016	400
1	96	SNP96	A	C	99	0.12375	0	-0.0846157	0.0770196	-14.2642	168.577	0.271931	400
1	97	SNP97	A	T	201	0.25125	0	-0.0593786	0.0579541	-17.6792	297.737	0.305561	400
1	98	SNP98	A	G	104	0.13	0	0.0208794	0.077712	3.45734	165.586	0.788179	400
1	99	SNP99	A	T	54	0.0675	0	-0.0842861	0.0972913	-8.90447	105.646	0.386311	400
1	100	SNP100	A	C	69	0.08625	0	-0.0781633	0.0861135	-10.5405	134.852	0.364048	400
