199
43
74
232
204
295
384
340
67
287
216
45
28
158
46
136
331
143
30
315
104
125
260
214
155
338
127
382
284
122
6
181
34
360
32
111
283
355
321
107
162
270
73
294
84
89
105
217
123
186
322
129
339
39
313
272
78
241
307
375
85
377
265
179
337
137
264
83
113
266
352
93
301
366
306
298
278
276
258
182
361
297
31
20
212
9
56
108
88
21
256
210
330
314
149
103
209
95
16
341
344
213
353
247
152
393
120
3
268
172
246
91
240
383
64
224
325
14
230
336
58
4
357
394
346
350
116
92
69
13
59
358
326
348
243
48
228
36
370
171
157
227
221
236
289
96
238
273
364
290
121
235
254
185
253
61
66
263
159
303
259
130
205
244
397
140
193
291
251
379
160
300
138
37
286
8
109
71
29
308
156
124
220
202
201
101
128
102
359
15
280
328
87
362
132
80
342
302
68
242
163
312
76
219
18
208
1
334
167
23
380
292
351
277
223
100
106
178
165
233
388
196
237
141
324
112
24
381
215
44
299
139
12
151
180
25
250
387
239
164
148
369
249
198
372
86
390
150
368
145
386
169
98
27
354
400
62
7
285
133
318
40
255
374
391
275
82
60
177
398
191
75
49
170
195
252
114
77
376
305
267
371
90
392
229
97
183
335
176
211
146
81
274
184
190
188
281
154
349
234
2
200
367
296
218
262
399
54
153
329
117
282
119
94
55
203
271
110
317
168
356
10
226
225
279
333
57
131
11
365
293
304
189
142
161
33
63
385
53
378
79
51
17
332
194
257
19
118
5
134
47
135
261
327
147
174
126
310
345
173
166
373
192
175
288
22
395
343
38
35
222
144
42
309
99
316
26
197
207
396
50
52
323
206
115
363
231
311
320
187
269
72
347
389
248
41
70
65
319
245
